V - Plot 0	PL - Plot 0	
-20	81671.6	
-19.9	79094.8	
-19.8	79094.8	
-19.7	79663.9	
-19.6	80138.6	
-19.5	78848.9	
-19.4	80057.9	
-19.3	78839.5	
-19.2	78809.5	
-19.1	79406.5	
-19	78568.8	
-18.9	78436.6	
-18.8	79059.4	
-18.7	77953.6	
-18.6	78003.7	
-18.5	78003.7	
-18.4	77416	
-18.3	76730.1	
-18.2	79109.4	
-18.1	76445	
-18	77309.5	
-17.9	76717.5	
-17.8	77342.6	
-17.7	77493.8	
-17.6	78410.2	
-17.5	78410.2	
-17.4	75181.1	
-17.3	75709.3	
-17.2	76283	
-17.1	77777.8	
-17	76461.2	
-16.9	75181.1	
-16.8	76716.3	
-16.7	75002.6	
-16.6	75657	
-16.5	77886	
-16.4	76123	
-16.3	76123	
-16.2	75298.5	
-16.1	78253.1	
-16	74265	
-15.9	74239.6	
-15.8	74177.2	
-15.7	76224.5	
-15.6	75304.8	
-15.5	73269.2	
-15.4	73269.2	
-15.3	75137.5	
-15.2	75757.6	
-15.1	75538.8	
-15	75325.9	
-14.9	76079.5	
-14.8	74193.8	
-14.7	74193.8	
-14.6	75088.6	
-14.5	76052.3	
-14.4	74908.4	
-14.3	73274.7	
-14.2	74978.5	
-14.1	73385.1	
-14	73968.8	
-13.9	73750.9	
-13.8	73449.6	
-13.7	73932.5	
-13.6	75155.4	
-13.5	73201.1	
-13.4	72757.9	
-13.3	72757.9	
-13.2	73476.3	
-13.1	73985.4	
-13	73768.1	
-12.9	74843.8	
-12.8	72842.4	
-12.7	74018.5	
-12.6	72864.2	
-12.5	72690.3	
-12.4	72690.3	
-12.3	71899.5	
-12.2	74865.5	
-12.1	73647.2	
-12	71997.9	
-11.9	72057.7	
-11.8	71697.7	
-11.7	72018.1	
-11.6	72361.4	
-11.5	71966	
-11.4	71966	
-11.3	71939.5	
-11.2	71408.5	
-11.1	69166.3	
-11	71709	
-10.9	71151.8	
-10.8	69867.1	
-10.7	68498.5	
-10.6	68754	
-10.5	70905.4	
-10.4	70292.5	
-10.3	70068.9	
-10.2	70068.9	
-10.1	68755.4	
-10	71263.6	
-9.9	70033.7	
-9.8	71251.3	
-9.7	68957.8	
-9.6	70291.3	
-9.5	69274	
-9.4	69259.4	
-9.3	69713.3	
-9.2	69224.6	
-9.1	68964.9	
-9	68964.9	
-8.9	69003.4	
-8.8	68597.2	
-8.7	67600.2	
-8.6	67864.3	
-8.5	67862.6	
-8.4	66803.7	
-8.3	68109.8	
-8.2	68109.8	
-8.1	69247.5	
-8	68402	
-7.9	70142.3	
-7.8	69256.7	
-7.7	71295.3	
-7.6	68086.3	
-7.5	70473.6	
-7.4	68837.6	
-7.3	70566.6	
-7.2	70566.6	
-7.1	71062.9	
-7	70186.6	
-6.9	70232.3	
-6.8	71288	
-6.7	70457.2	
-6.6	69377.5	
-6.5	69618	
-6.4	70702	
-6.3	68868.6	
-6.2	68868.6	
-6.1	70935.6	
-6	69839.1	
-5.9	69272.8	
-5.8	69760.5	
-5.7	70476.8	
-5.6	70315.2	
-5.5	68865	
-5.4	73193.1	
-5.3	60384	
-5.2	60384	
-5.1	71356.4	
-5	59597	
-4.9	67185.3	
-4.8	65761.2	
-4.7	64518.8	
-4.6	67732.6	
-4.5	70628.8	
-4.4	70289.2	
-4.3	70888.3	
-4.2	70888.3	
-4.1	69690.1	
-4	72257.6	
-3.9	72037.9	
-3.8	72097.8	
-3.7	71301.9	
-3.6	69548.2	
-3.5	72289.3	
-3.4	71514.9	
-3.3	71388.5	
-3.2	71388.5	
-3.1	70771	
-3	69906	
-2.9	70235	
-2.8	70474.8	
-2.7	69801.8	
-2.6	71091.4	
-2.5	67394.1	
-2.4	70478.1	
-2.3	70478.1	
-2.2	69805.4	
-2.1	71571.4	
-2	69237.5	
-1.9	70634	
-1.8	69993.4	
-1.7	70155.9	
-1.6	71062.5	
-1.5	70735.7	
-1.4	67645.3	
-1.3	69944.6	
-1.2	69944.6	
-1.1	69292.6	
-1	69756.8	
-0.9	69892.5	
-0.8	69433.8	
-0.7	71364.4	
-0.6	71143.4	
-0.5	71035.8	
-0.4	69989.4	
-0.3	69989.4	
-0.2	69375.9	
-0.1	69352.5	
0	66854.2	
0.1	67978.4	
0.2	70773.9	
0.3	69783	
0.4	67870.1	
0.5	68607.6	
0.6	69403.2	
0.7	69781.1	
0.8	69781.1	
0.9	68860.6	
1	69055.2	
1.1	68427.3	
1.2	68773.8	
1.3	66369.9	
1.4	68797.3	
1.5	70584.7	
1.6	68219.2	
1.7	69637.8	
1.8	69822.4	
1.9	69822.4	
2	69664.6	
2.1	69379.2	
2.2	70673	
2.3	68199.1	
2.4	67392.3	
2.5	68129.2	
2.6	67890.3	
2.7	69614.7	
2.8	69010	
2.9	69010	
3	68728.3	
3.1	69768.8	
3.2	69188	
3.3	68396.5	
3.4	69251.8	
3.5	68394.9	
3.6	69010.1	
3.7	69010.1	
3.8	70023.4	
3.9	68002.1	
4	69246	
4.1	69701.8	
4.2	70573	
4.3	69749.2	
4.4	71081.6	
4.5	71081.6	
4.6	71315	
4.7	69574.6	
4.8	69571	
4.9	70835.2	
5	70708.6	
5.1	70241.1	
5.2	70331.5	
5.3	69605.1	
5.4	72037.5	
5.5	71092	
5.6	71092	
5.7	69659.9	
5.8	70809	
5.9	72428.6	
6	71816.1	
6.1	71851.4	
6.2	70158.7	
6.3	72020.7	
6.4	70834.3	
6.5	69813.5	
6.6	70903.6	
6.7	70743.8	
6.8	72922	
6.9	70721.8	
7	70721.8	
7.1	70608	
7.2	71990.2	
7.3	74773	
7.4	68750.9	
7.5	72061.3	
7.6	72716.2	
7.7	71996.8	
7.8	71665.8	
7.9	70482.7	
8	71772.2	
8.1	71772.2	
8.2	70853.6	
8.3	71683.7	
8.4	70312.8	
8.5	71704.2	
8.6	71579.5	
8.7	71283.1	
8.8	70937.1	
8.9	72339	
9	72339	
9.1	71988.1	
9.2	73436.2	
9.3	73421.1	
9.4	73620.6	
9.5	72182.2	
9.6	71042.4	
9.7	72398.1	
9.8	72398.1	
9.9	71656.8	
10	72848.3	
10.1	72813.4	
10.2	72762.8	
10.3	73365.2	
10.4	73258.9	
10.5	70489.3	
10.6	70340.5	
10.7	71379.8	
10.8	69805.4	
10.9	70824.8	
11	69087.1	
11.1	69087.1	
11.2	70210.9	
11.3	69688.5	
11.4	71845.4	
11.5	69914.1	
11.6	71640.8	
11.7	69403.8	
11.8	71712.5	
11.9	72972.7	
12	73349.7	
12.1	71615	
12.2	71615	
12.3	69022.3	
12.4	69434.1	
12.5	69370.3	
12.6	69214.3	
12.7	69166.6	
12.8	68525	
12.9	69318.7	
13	67538.8	
13.1	67538.8	
13.2	69626.1	
13.3	67375.1	
13.4	68496.6	
13.5	67740.8	
13.6	67466.5	
13.7	67065.6	
13.8	72137.8	
13.9	63452.3	
14	68569.1	
14.1	69011.2	
14.2	69105.8	
14.3	69105.8	
14.4	67651.8	
14.5	68323.5	
14.6	69992.9	
14.7	69556.3	
14.8	69630.9	
14.9	70219.4	
15	68262.9	
15.1	68262.9	
15.2	67281.1	
15.3	67959.1	
15.4	69231.2	
15.5	68326.6	
15.6	68500.6	
15.7	68521.2	
15.8	70477.8	
15.9	69388.8	
16	71963.8	
16.1	69131	
16.2	69131	
16.3	71182.3	
16.4	70886.4	
16.5	69386	
16.6	69698.9	
16.7	71317.6	
16.8	71773.1	
16.9	69567	
17	70927.8	
17.1	70868.4	
17.2	70868.4	
17.3	68739	
17.4	73551.8	
17.5	67951.6	
17.6	68958.2	
17.7	69776.9	
17.8	69153.3	
17.9	68279.2	
18	70317.2	
18.1	67937	
18.2	67678.6	
18.3	67678.6	
18.4	68790.2	
18.5	69402.5	
18.6	70540.4	
18.7	69289.2	
18.8	69948.8	
18.9	69256.9	
19	71468.8	
19.1	71195.7	
19.2	71941.2	
19.3	71941.2	
19.4	70298.8	
19.5	72889.9	
19.6	73099.3	
19.7	68937.8	
19.8	71509.2	
19.9	69626.3	
20	72994.5	
