V - Plot 0	PL - Plot 0	
-20	93871.7	
-19.9	86330.3	
-19.8	86330.3	
-19.7	89974.6	
-19.6	90616.3	
-19.5	93287.4	
-19.4	91403.8	
-19.3	89499	
-19.2	93298.6	
-19.1	91231	
-19	91387.7	
-18.9	93416.7	
-18.8	93416.7	
-18.7	92274.5	
-18.6	91064	
-18.5	91932.2	
-18.4	90680	
-18.3	91512.2	
-18.2	91579.2	
-18.1	91405.2	
-18	91887.6	
-17.9	90359.2	
-17.8	91909.7	
-17.7	91319.5	
-17.6	91319.5	
-17.5	90687.4	
-17.4	90295.7	
-17.3	89932	
-17.2	90774.3	
-17.1	92083.8	
-17	91482.4	
-16.9	89723.1	
-16.8	89723.1	
-16.7	91869.3	
-16.6	90489.7	
-16.5	91949	
-16.4	93285.7	
-16.3	89918.8	
-16.2	90701.7	
-16.1	93571.7	
-16	91205.8	
-15.9	90550	
-15.8	91353.7	
-15.7	91353.7	
-15.6	91694	
-15.5	91964.7	
-15.4	90516.8	
-15.3	91411.1	
-15.2	91632.3	
-15.1	92178.6	
-15	92116.2	
-14.9	90705.7	
-14.8	92288.9	
-14.7	89300.5	
-14.6	89300.5	
-14.5	92595.7	
-14.4	90700.1	
-14.3	90590.5	
-14.2	91444.2	
-14.1	91480.3	
-14	90945.5	
-13.9	91200.2	
-13.8	90982.5	
-13.7	92592.3	
-13.6	90138.8	
-13.5	90805	
-13.4	90805	
-13.3	93114.8	
-13.2	92073.6	
-13.1	90390.7	
-13	92631.5	
-12.9	86835.3	
-12.8	86835.3	
-12.7	91007.1	
-12.6	89486.5	
-12.5	89649.8	
-12.4	89634.2	
-12.3	91590.8	
-12.2	90355.9	
-12.1	91812.6	
-12	91425.2	
-11.9	92464.4	
-11.8	92464.4	
-11.7	92807.5	
-11.6	90944.4	
-11.5	91054.6	
-11.4	89802.5	
-11.3	89541.1	
-11.2	88670.3	
-11.1	92045.8	
-11	91577	
-10.9	91577	
-10.8	90317.9	
-10.7	91462.3	
-10.6	91017.1	
-10.5	98429.9	
-10.4	85333	
-10.3	91041.9	
-10.2	92104.5	
-10.1	89942.5	
-10	88991.1	
-9.9	88991.1	
-9.8	91387.8	
-9.7	90292.4	
-9.6	91657.6	
-9.5	91578.3	
-9.4	92889.1	
-9.3	90259.7	
-9.2	90153.2	
-9.1	91358.3	
-9	91623.8	
-8.9	90946.6	
-8.8	90946.6	
-8.7	89726.1	
-8.6	90758.9	
-8.5	91954.5	
-8.4	92274.7	
-8.3	89756.2	
-8.2	90515.6	
-8.1	90684.4	
-8	91848.7	
-7.9	90524.8	
-7.8	90587.2	
-7.7	90587.2	
-7.6	90272.6	
-7.5	89458.1	
-7.4	90144.9	
-7.3	89629.6	
-7.2	90859.4	
-7.1	91641.2	
-7	89802.6	
-6.9	90960.8	
-6.8	89266.7	
-6.7	89266.7	
-6.6	90897.2	
-6.5	91000.2	
-6.4	90466.3	
-6.3	89266.6	
-6.2	96613.8	
-6.1	86014.8	
-6	90409.6	
-5.9	92489.8	
-5.8	91588.9	
-5.7	91826.2	
-5.6	91826.2	
-5.5	90903.2	
-5.4	90688.6	
-5.3	90891.6	
-5.2	90637.6	
-5.1	91199.2	
-5	91475.7	
-4.9	92131.4	
-4.8	91518.6	
-4.7	91518.6	
-4.6	91429.3	
-4.5	93318.3	
-4.4	92792.2	
-4.3	89937.3	
-4.2	89984.9	
-4.1	89312.4	
-4	92542	
-3.9	90780.4	
-3.8	98346.6	
-3.7	98346.6	
-3.6	86080.4	
-3.5	89705.4	
-3.4	89994.5	
-3.3	91889.6	
-3.2	89668.4	
-3.1	91011.4	
-3	90226.9	
-2.9	90128.9	
-2.8	90128.9	
-2.7	88219.7	
-2.6	87990	
-2.5	88686.9	
-2.4	88259.1	
-2.3	89196.6	
-2.2	89712.9	
-2.1	89300.5	
-2	87615.6	
-1.9	88485	
-1.8	88485	
-1.7	89700.3	
-1.6	91347.2	
-1.5	87588.7	
-1.4	87974.1	
-1.3	89803.5	
-1.2	89741.5	
-1.1	88800.6	
-1	89162.3	
-0.9	89442.2	
-0.8	89767.8	
-0.7	89767.8	
-0.6	89645.2	
-0.5	89498.8	
-0.4	90668.7	
-0.3	91293.2	
-0.2	88795	
-0.1	89996.8	
0	88364.9	
0.1	90043.3	
0.2	88313.7	
0.3	89308.6	
0.4	89718.3	
0.5	89718.3	
0.6	88809.9	
0.7	88269.6	
0.8	89072.8	
0.9	87829.1	
1	87348.6	
1.1	88457.9	
1.2	88547	
1.3	89080.1	
1.4	89623.8	
1.5	89623.8	
1.6	90404.8	
1.7	87988.7	
1.8	89673.3	
1.9	90092.4	
2	89468.2	
2.1	89275.7	
2.2	90599.5	
2.3	91378.3	
2.4	91378.3	
2.5	89040.7	
2.6	87137.2	
2.7	89987	
2.8	88099.9	
2.9	90239.5	
3	93763.4	
3.1	84677.6	
3.2	89729.3	
3.3	91890.8	
3.4	91335.1	
3.5	91063.8	
3.6	91063.8	
3.7	90763.5	
3.8	90244	
3.9	92336.2	
4	90481.7	
4.1	90388.3	
4.2	91603.3	
4.3	91379	
4.4	91379	
4.5	91632.1	
4.6	90588.1	
4.7	91289.6	
4.8	92023.4	
4.9	92064	
5	92287.1	
5.1	91838.2	
5.2	89605	
5.3	92652.7	
5.4	92652.7	
5.5	90679.5	
5.6	93737.4	
5.7	93267.5	
5.8	90728.2	
5.9	89817.6	
6	90913.4	
6.1	91724.2	
6.2	91510.5	
6.3	92367.5	
6.4	92514.3	
6.5	92771.1	
6.6	92771.1	
6.7	90873.4	
6.8	91846.3	
6.9	90146.6	
7	90753.4	
7.1	91775.4	
7.2	91369.3	
7.3	91641	
7.4	91641	
7.5	97798.9	
7.6	84500.1	
7.7	91364.3	
7.8	91225.4	
7.9	90275.7	
8	90461.6	
8.1	90461.6	
8.2	91543.4	
8.3	90793.4	
8.4	91733	
8.5	92847.5	
8.6	93055.6	
8.7	91843.3	
8.8	91591.4	
8.9	90703.9	
9	90210.6	
9.1	90210.6	
9.2	92210.3	
9.3	90850.7	
9.4	91160	
9.5	92001.2	
9.6	93427.1	
9.7	89178.2	
9.8	91429.3	
9.9	92519	
10	91852.8	
10.1	91852.8	
10.2	91943.9	
10.3	89947.3	
10.4	93406.3	
10.5	92275.6	
10.6	89863.3	
10.7	90392.8	
10.8	91941.5	
10.9	91238.3	
11	91077.9	
11.1	91077.9	
11.2	90495.9	
11.3	90706.9	
11.4	91945.7	
11.5	92585.2	
11.6	91351.8	
11.7	91351.8	
11.8	90870	
11.9	91885.7	
12	91013.3	
12.1	91202.8	
12.2	90067.6	
12.3	91150.4	
12.4	92680.4	
12.5	90024.1	
12.6	91678.8	
12.7	91678.8	
12.8	91512	
12.9	92205.7	
13	90643.1	
13.1	92374	
13.2	91118.4	
13.3	91329.5	
13.4	89634.3	
13.5	89634.3	
13.6	91623.8	
13.7	89848.8	
13.8	91331.2	
13.9	91550.5	
14	91247.3	
14.1	90388.3	
14.2	90257.4	
14.3	90791.3	
14.4	92470.4	
14.5	90187.6	
14.6	91873.1	
14.7	91873.1	
14.8	92510	
14.9	92678.5	
15	91858.7	
15.1	92568.1	
15.2	91318.5	
15.3	92889.1	
15.4	92885.5	
15.5	92123.8	
15.6	92366.8	
15.7	92366.8	
15.8	93315.8	
15.9	90331.6	
16	92077.5	
16.1	98110.5	
16.2	85089	
16.3	92056.9	
16.4	92707.5	
16.5	91936.7	
16.6	90951.1	
16.7	90857.8	
16.8	90470.2	
16.9	90470.2	
17	92409.7	
17.1	92279.1	
17.2	90306.3	
17.3	92828.1	
17.4	90623.1	
17.5	90944.1	
17.6	91872.5	
17.7	91366.2	
17.8	90487.8	
17.9	92022.4	
18	92022.4	
18.1	91632.6	
18.2	90600.4	
18.3	91239.5	
18.4	92218.4	
18.5	91235.6	
18.6	89900.7	
18.7	95859.2	
18.8	85743.8	
18.9	85743.8	
19	89871	
19.1	88751.2	
19.2	93216.2	
19.3	91224.2	
19.4	92218	
19.5	92505.6	
19.6	92437.1	
19.7	90784.5	
19.8	92928.3	
19.9	92928.3	
20	92187.1	
