V - Plot 0	PL - Plot 0	
-20	83389.2	
-19.9	84397.7	
-19.8	82116.1	
-19.7	81018.7	
-19.6	85175.9	
-19.5	85175.9	
-19.4	83112.6	
-19.3	82080.3	
-19.2	82643.7	
-19.1	81872.3	
-19	82936.2	
-18.9	83061	
-18.8	83161.4	
-18.7	83105.5	
-18.6	81385.2	
-18.5	81385.2	
-18.4	82414.1	
-18.3	81637.6	
-18.2	84540	
-18.1	81549	
-18	81985.3	
-17.9	81199.4	
-17.8	80280.9	
-17.7	82753	
-17.6	81573.2	
-17.5	81157.7	
-17.4	80879.3	
-17.3	80879.3	
-17.2	81643.6	
-17.1	82261.5	
-17	81168.5	
-16.9	80152.8	
-16.8	79811.8	
-16.7	79629.9	
-16.6	78884.8	
-16.5	80083.3	
-16.4	78749.3	
-16.3	80425.6	
-16.2	80528.7	
-16.1	80528.7	
-16	81580.6	
-15.9	80738	
-15.8	81104.6	
-15.7	82399.8	
-15.6	81287	
-15.5	81218.1	
-15.4	81218.1	
-15.3	81197.3	
-15.2	81255.9	
-15.1	81850.3	
-15	80145.8	
-14.9	78376.9	
-14.8	80156.5	
-14.7	80014.6	
-14.6	80184	
-14.5	81229.3	
-14.4	79362.4	
-14.3	79362.4	
-14.2	80299.2	
-14.1	78714.4	
-14	78569.9	
-13.9	78845.7	
-13.8	78578.2	
-13.7	78988.9	
-13.6	79040.9	
-13.5	80357.7	
-13.4	81171.4	
-13.3	81171.4	
-13.2	79461.6	
-13.1	78847.9	
-13	79205.7	
-12.9	79615.7	
-12.8	79380.2	
-12.7	78497.6	
-12.6	80043.4	
-12.5	77188.9	
-12.4	76793.6	
-12.3	78788.8	
-12.2	79223.3	
-12.1	79223.3	
-12	77711.4	
-11.9	78908.9	
-11.8	80179.1	
-11.7	80051.4	
-11.6	78888.3	
-11.5	81330	
-11.4	81415.4	
-11.3	79496.7	
-11.2	79496.7	
-11.1	82349.2	
-11	80252.4	
-10.9	82029.6	
-10.8	82257.6	
-10.7	80231.7	
-10.6	81135.1	
-10.5	81289.7	
-10.4	81000.4	
-10.3	83616.6	
-10.2	81356.1	
-10.1	81356.1	
-10	81073.5	
-9.9	79810.2	
-9.8	81596	
-9.7	81586.7	
-9.6	80558.1	
-9.5	81744.4	
-9.4	80402.8	
-9.3	81956.2	
-9.2	81958.1	
-9.1	81881.2	
-9	80791.3	
-8.9	80791.3	
-8.8	80851.1	
-8.7	82289.3	
-8.6	80363.3	
-8.5	81768.1	
-8.4	80263.9	
-8.3	80799.8	
-8.2	80831.3	
-8.1	81339.2	
-8	81339.2	
-7.9	82677.6	
-7.8	80435.5	
-7.7	80131.8	
-7.6	80596.1	
-7.5	81815.3	
-7.4	81652.8	
-7.3	82293.7	
-7.2	81855.8	
-7.1	81474.4	
-7	82842.9	
-6.9	82842.9	
-6.8	80961.6	
-6.7	81610.9	
-6.6	80934.8	
-6.5	81068	
-6.4	82775	
-6.3	82775	
-6.2	82571.4	
-6.1	80940.4	
-6	81026.2	
-5.9	79478.9	
-5.8	80964	
-5.7	82529.6	
-5.6	81975.2	
-5.5	80538.9	
-5.4	79879.5	
-5.3	81172	
-5.2	81615.5	
-5.1	80028.2	
-5	80028.2	
-4.9	80931.7	
-4.8	78296.7	
-4.7	80758.3	
-4.6	81855	
-4.5	80515	
-4.4	81618.3	
-4.3	81282.3	
-4.2	80868.4	
-4.1	80628.1	
-4	80628.1	
-3.9	79763.9	
-3.8	81594.7	
-3.7	81294.8	
-3.6	82726.2	
-3.5	82673	
-3.4	81137.7	
-3.3	81137.7	
-3.2	83333.3	
-3.1	84390.8	
-3	77634.3	
-2.9	81743.2	
-2.8	81107.5	
-2.7	81357.6	
-2.6	82222.1	
-2.5	81777.9	
-2.4	82120.6	
-2.3	82147.3	
-2.2	82147.3	
-2.1	82629.4	
-2	82701	
-1.9	82005.5	
-1.8	80960.1	
-1.7	80870.7	
-1.6	82371.1	
-1.5	82370.5	
-1.4	80961.6	
-1.3	80961.6	
-1.2	78578	
-1.1	80932.2	
-1	80645	
-0.9	80800.6	
-0.8	82359.9	
-0.7	82197.4	
-0.6	81763.6	
-0.5	81934.9	
-0.4	81574.1	
-0.3	82914.7	
-0.2	83302.3	
-0.1	82580	
0	82580	
0.1	83747.3	
0.2	84476.3	
0.3	83343.4	
0.4	82391.7	
0.5	80515.3	
0.6	81732.8	
0.7	81170.5	
0.8	82258.8	
0.9	80744.8	
1	80744.8	
1.1	84109.5	
1.2	81324.1	
1.3	80927.4	
1.4	82605.9	
1.5	82306.3	
1.6	81409.8	
1.7	81558.7	
1.8	81044.8	
1.9	80670	
2	80740.4	
2.1	80652.1	
2.2	80652.1	
2.3	79359.9	
2.4	80463.3	
2.5	81674.3	
2.6	78955.4	
2.7	82481.1	
2.8	79848	
2.9	80270.4	
3	81894.5	
3.1	82508.8	
3.2	82508.8	
3.3	81431.3	
3.4	82573.8	
3.5	81497.2	
3.6	81998.5	
3.7	81052.3	
3.8	80604.3	
3.9	79960.2	
4	79439.8	
4.1	82560.3	
4.2	82560.3	
4.3	81932.5	
4.4	80548.6	
4.5	81251.7	
4.6	81493.2	
4.7	81841.9	
4.8	81605.7	
4.9	82270.1	
5	80531.7	
5.1	80560.2	
5.2	80026.5	
5.3	80026.5	
5.4	77943.6	
5.5	77338	
5.6	80371.2	
5.7	79796.1	
5.8	83224.2	
5.9	78362.2	
6	80791.8	
6.1	79208.2	
6.2	79919.3	
6.3	79919.3	
6.4	80459.6	
6.5	82261.3	
6.6	79203.6	
6.7	80615.5	
6.8	81058	
6.9	81842.6	
7	80970.7	
7.1	81547.5	
7.2	81547.5	
7.3	80990.8	
7.4	81770.6	
7.5	82546.3	
7.6	83727	
7.7	79568.4	
7.8	79240.9	
7.9	79918.9	
8	81052.4	
8.1	81052.4	
8.2	81145.6	
8.3	81963.3	
8.4	80358.7	
8.5	79513.1	
8.6	80950	
8.7	81187.8	
8.8	81105	
8.9	80544.7	
9	80136.1	
9.1	82483.9	
9.2	82483.9	
9.3	81209.1	
9.4	81601.7	
9.5	81728.5	
9.6	83287.9	
9.7	81691.8	
9.8	82850.5	
9.9	81630.2	
10	81136.5	
10.1	81204.3	
10.2	80723.9	
10.3	81783.7	
10.4	81783.7	
10.5	81691	
10.6	82850.2	
10.7	83029.8	
10.8	82494.1	
10.9	80966.7	
11	80321.9	
11.1	83934.9	
11.2	83773.3	
11.3	81343.2	
11.4	81343.2	
11.5	82119.5	
11.6	81794.7	
11.7	81680.7	
11.8	80917.4	
11.9	78590.8	
12	82125.2	
12.1	80836.4	
12.2	80836.4	
12.3	81494.8	
12.4	82967	
12.5	83580.5	
12.6	81212.4	
12.7	80425.5	
12.8	80961.2	
12.9	81956.7	
13	81105.6	
13.1	80588.3	
13.2	80714.8	
13.3	80714.8	
13.4	81571.2	
13.5	80184	
13.6	81296.3	
13.7	81135.2	
13.8	79008.5	
13.9	80874.1	
14	81166.4	
14.1	83350	
14.2	83350	
14.3	79767	
14.4	82593	
14.5	80166.4	
14.6	82085.3	
14.7	81631.7	
14.8	82162.1	
14.9	79129.1	
15	82488.3	
15.1	80881.3	
15.2	79682.2	
15.3	81295.9	
15.4	81295.9	
15.5	80938.7	
15.6	80896.1	
15.7	80847	
15.8	81829.1	
15.9	82182.6	
16	81917.9	
16.1	81037	
16.2	81037	
16.3	81816	
16.4	81636	
16.5	82077.6	
16.6	81401.8	
16.7	82512.1	
16.8	81054.3	
16.9	82184.6	
17	80538	
17.1	80538	
17.2	80576.1	
17.3	79687.1	
17.4	81508.9	
17.5	82249	
17.6	80769.4	
17.7	82255.9	
17.8	80156.4	
17.9	87808.7	
18	87808.7	
18.1	77117.2	
18.2	82426.3	
18.3	80064.7	
18.4	83320.8	
18.5	81878.3	
18.6	82586.5	
18.7	87448.6	
18.8	78846.3	
18.9	78846.3	
19	82950.6	
19.1	82180.9	
19.2	81624.6	
19.3	81541.7	
19.4	81020.4	
19.5	82849.1	
19.6	83396.3	
19.7	83396.3	
19.8	83321.5	
19.9	82442.7	
20	81599.9	
