V - Plot 0	PL - Plot 0	
-20	27616.9	
-19.9	28125.3	
-19.8	27922	
-19.7	28513.3	
-19.6	28513.3	
-19.5	28534.3	
-19.4	28227	
-19.3	28960.7	
-19.2	28232.6	
-19.1	27623.2	
-19	28277.3	
-18.9	28908.9	
-18.8	28460.1	
-18.7	27513.1	
-18.6	27513.1	
-18.5	27852.5	
-18.4	28604	
-18.3	27680.3	
-18.2	26802.2	
-18.1	27672.9	
-18	27627.6	
-17.9	27608	
-17.8	27726.8	
-17.7	28212.9	
-17.6	28212.9	
-17.5	27673	
-17.4	27344	
-17.3	27149.5	
-17.2	28098.2	
-17.1	27517.6	
-17	28404.8	
-16.9	28262.6	
-16.8	28030.2	
-16.7	28302	
-16.6	28302	
-16.5	27744.7	
-16.4	28810.3	
-16.3	28166.9	
-16.2	28291.3	
-16.1	28253.7	
-16	27442.2	
-15.9	27680.2	
-15.8	27718.7	
-15.7	29019.9	
-15.6	29019.9	
-15.5	27851.1	
-15.4	28129.9	
-15.3	27932	
-15.2	28919.5	
-15.1	28919.5	
-15	28240.2	
-14.9	28240.2	
-14.8	28076.2	
-14.7	15316.6	
-14.6	28113.3	
-14.5	29061.3	
-14.4	28134.2	
-14.3	28389.3	
-14.2	28474.8	
-14.1	27194.1	
-14	27943.7	
-13.9	28202.1	
-13.8	28856.6	
-13.7	28856.6	
-13.6	27934.8	
-13.5	28735.8	
-13.4	27604	
-13.3	27971.6	
-13.2	29814.4	
-13.1	29322.5	
-13	27754.6	
-12.9	29116.8	
-12.8	28396.1	
-12.7	28074.4	
-12.6	28074.4	
-12.5	28503.8	
-12.4	28735.2	
-12.3	28506.4	
-12.2	28613.6	
-12.1	27376.3	
-12	27771.4	
-11.9	29002.9	
-11.8	28201.5	
-11.7	28201.5	
-11.6	27410.6	
-11.5	27873.6	
-11.4	28271.1	
-11.3	28110.9	
-11.2	27448.7	
-11.1	27820.2	
-11	28538.3	
-10.9	28950.3	
-10.8	28081.6	
-10.7	28081.6	
-10.6	32128.1	
-10.5	26067.2	
-10.4	28490.9	
-10.3	27698.3	
-10.2	28001.8	
-10.1	29137.8	
-10	28029.9	
-9.9	28043.5	
-9.8	28695.5	
-9.7	28007.9	
-9.6	28007.9	
-9.5	28464.3	
-9.4	28396.2	
-9.3	28299.5	
-9.2	27365.8	
-9.1	27828.2	
-9	27505.3	
-8.9	28711.8	
-8.8	28347.9	
-8.7	28194.4	
-8.6	27998.5	
-8.5	27998.5	
-8.4	28215.1	
-8.3	31277.9	
-8.2	26286.5	
-8.1	28122.6	
-8	28571.4	
-7.9	27498.8	
-7.8	27395.1	
-7.7	28572.7	
-7.6	27506.3	
-7.5	27620.9	
-7.4	27620.9	
-7.3	27678.2	
-7.2	27524.7	
-7.1	27677	
-7	27973.2	
-6.9	27654.9	
-6.8	27752.8	
-6.7	27085.5	
-6.6	27259.3	
-6.5	27259.3	
-6.4	27863.7	
-6.3	28712.7	
-6.2	27252.7	
-6.1	27288.6	
-6	27457.3	
-5.9	27641.3	
-5.8	27747.9	
-5.7	27747.9	
-5.6	27787.7	
-5.5	27388.5	
-5.4	27493.7	
-5.3	27745	
-5.2	28049.9	
-5.1	27292.5	
-5	27446.1	
-4.9	27446.1	
-4.8	27687.7	
-4.7	27295.1	
-4.6	29244.5	
-4.5	26164.4	
-4.4	27350.9	
-4.3	28372.1	
-4.2	27704.3	
-4.1	27704.3	
-4	26791.9	
-3.9	28283.3	
-3.8	28303.6	
-3.7	28706.3	
-3.6	27939.3	
-3.5	27668.9	
-3.4	28424.8	
-3.3	28424.8	
-3.2	28320	
-3.1	28012.8	
-3	27296.8	
-2.9	27821.3	
-2.8	27137.5	
-2.7	28027.3	
-2.6	27447.1	
-2.5	27447.1	
-2.4	27770.3	
-2.3	27508.5	
-2.2	28042.3	
-2.1	27307.8	
-2	26792.5	
-1.9	27804.3	
-1.8	27386.8	
-1.7	26875.9	
-1.6	26875.9	
-1.5	27849.3	
-1.4	28183	
-1.3	27400.8	
-1.2	27475.2	
-1.1	27164.9	
-1	27395.1	
-0.9	26762.5	
-0.8	27465.5	
-0.7	28136.4	
-0.6	28136.4	
-0.5	27585.3	
-0.4	27974.4	
-0.3	28337.2	
-0.2	28110.2	
-0.1	27276.2	
0	27548.1	
0.1	27258.2	
0.2	28426.7	
0.3	27585	
0.4	27585	
0.5	28814.7	
0.6	28951.9	
0.7	28472.1	
0.8	27122.3	
0.9	26961	
1	27891.2	
1.1	28288.3	
1.2	27420.3	
1.3	28301.4	
1.4	28301.4	
1.5	27943.9	
1.6	28389.9	
1.7	31293.2	
1.8	24168.8	
1.9	27847.2	
2	27819	
2.1	28317	
2.2	28413.3	
2.3	27515.2	
2.4	27515.2	
2.5	27315	
2.6	27332.5	
2.7	28076.1	
2.8	27979.1	
2.9	27768.2	
3	26877	
3.1	27654.5	
3.2	28561.5	
3.3	28561.5	
3.4	27635.6	
3.5	27628.3	
3.6	27574.8	
3.7	28497.2	
3.8	28353.8	
3.9	28595.9	
4	28203.7	
4.1	29460.3	
4.2	28020.2	
4.3	28020.2	
4.4	28917	
4.5	28725.7	
4.6	27871.1	
4.7	27767.3	
4.8	28298.3	
4.9	26715.5	
5	29084.4	
5.1	29084.4	
5.2	27294.2	
5.3	28275.6	
5.4	28275.6	
5.5	26467.5	
5.6	27629.2	
5.7	27752.6	
5.8	28918.1	
5.9	28388.2	
6	28318.5	
6.1	27779.2	
6.2	27916.2	
6.3	27167.9	
6.4	28561.9	
6.5	28561.9	
6.6	28352.7	
6.7	28456.4	
6.8	27680.8	
6.9	28019.9	
7	28050.4	
7.1	28796.2	
7.2	28796.2	
7.3	27342	
7.4	28211.2	
7.5	28060.6	
7.6	28705.7	
7.7	29057.7	
7.8	28147.4	
7.9	28417.8	
8	28381.7	
8.1	28693.7	
8.2	28693.7	
8.3	28017.2	
8.4	29502	
8.5	30115.6	
8.6	27136.8	
8.7	27116.8	
8.8	28708.8	
8.9	28627.5	
9	28627.5	
9.1	28312.9	
9.2	27274.3	
9.3	27290.1	
9.4	28120.1	
9.5	27642.1	
9.6	27891	
9.7	28338.6	
9.8	28338.6	
9.9	27645.2	
10	27405.2	
10.1	27299.9	
10.2	27136.8	
10.3	28860.3	
10.4	28429.5	
10.5	27395.1	
10.6	27823.6	
10.7	28132.4	
10.8	28041.3	
10.9	28041.3	
11	27347.6	
11.1	27770.7	
11.2	27894.9	
11.3	27707.9	
11.4	28983.7	
11.5	27343	
11.6	28077.8	
11.7	28138	
11.8	28907.5	
11.9	28907.5	
12	28749	
12.1	28122.6	
12.2	28414.3	
12.3	27146.4	
12.4	27462.1	
12.5	29954.2	
12.6	25973.2	
12.7	28688.1	
12.8	28688.1	
12.9	27640.6	
13	27476	
13.1	27897	
13.2	27445.2	
13.3	27900.2	
13.4	28499	
13.5	27613.1	
13.6	27613.1	
13.7	28301.8	
13.8	27802.1	
13.9	27208	
14	29043.4	
14.1	27909.3	
14.2	28299.6	
14.3	27927.9	
14.4	27736.8	
14.5	27578.5	
14.6	27578.5	
14.7	27999.8	
14.8	27983.4	
14.9	27296.7	
15	28620.1	
15.1	26680.5	
15.2	28399.7	
15.3	28574	
15.4	28590.6	
15.5	29005.5	
15.6	29005.5	
15.7	28699.1	
15.8	27942.8	
15.9	28377.2	
16	28848.2	
16.1	27512.6	
16.2	28015.1	
16.3	28794.1	
16.4	27752.3	
16.5	27752.3	
16.6	28973.1	
16.7	28890.7	
16.8	28072	
16.9	28552.8	
17	28137.1	
17.1	29231.1	
17.2	29900.3	
17.3	26697.5	
17.4	28410.8	
17.5	28112.9	
17.6	29218.7	
17.7	29218.7	
17.8	28894.7	
17.9	28635.3	
18	29043	
18.1	29225.8	
18.2	28840.4	
18.3	28540.5	
18.4	29926.6	
18.5	28970.9	
18.6	28970.9	
18.7	29900.6	
18.8	28095.2	
18.9	28355.9	
19	28870.4	
19.1	28388.4	
19.2	29125.9	
19.3	29125.9	
19.4	29391.3	
19.5	27778.6	
19.6	28415	
19.7	29183.7	
19.8	29390.8	
19.9	29054.3	
20	28180.7	
