V - Plot 0	PL - Plot 0	
-20	248232	
-19.9	248550	
-19.8	246321	
-19.7	246321	
-19.6	241678	
-19.5	244139	
-19.4	243917	
-19.3	260461	
-19.2	222810	
-19.1	238475	
-19	242576	
-18.9	239495	
-18.8	239495	
-18.7	241826	
-18.6	241176	
-18.5	245143	
-18.4	242593	
-18.3	242716	
-18.2	240961	
-18.1	240268	
-18	240268	
-17.9	243394	
-17.8	246276	
-17.7	244417	
-17.6	242214	
-17.5	241954	
-17.4	244055	
-17.3	244055	
-17.2	244572	
-17.1	244627	
-17	245617	
-16.9	248408	
-16.8	244044	
-16.7	244393	
-16.6	264647	
-16.5	222046	
-16.4	242671	
-16.3	239027	
-16.2	239027	
-16.1	244976	
-16	241717	
-15.9	239816	
-15.8	243464	
-15.7	241990	
-15.6	247596	
-15.5	245727	
-15.4	245727	
-15.3	244226	
-15.2	244625	
-15.1	247427	
-15	245838	
-14.9	243381	
-14.8	242914	
-14.7	242815	
-14.6	242639	
-14.5	243493	
-14.4	242678	
-14.3	244101	
-14.2	244101	
-14.1	239830	
-14	240976	
-13.9	240549	
-13.8	245052	
-13.7	243392	
-13.6	245936	
-13.5	241357	
-13.4	241357	
-13.3	245590	
-13.2	240403	
-13.1	241766	
-13	246368	
-12.9	241082	
-12.8	243537	
-12.7	241992	
-12.6	241874	
-12.5	241874	
-12.4	242907	
-12.3	242316	
-12.2	241071	
-12.1	242426	
-12	242047	
-11.9	244949	
-11.8	242044	
-11.7	242346	
-11.6	242105	
-11.5	242105	
-11.4	251533	
-11.3	230635	
-11.2	240498	
-11.1	243304	
-11	243478	
-10.9	244020	
-10.8	243332	
-10.7	242125	
-10.6	240960	
-10.5	243609	
-10.4	246251	
-10.3	246251	
-10.2	246969	
-10.1	248037	
-10	245721	
-9.9	245081	
-9.8	245882	
-9.7	245059	
-9.6	255637	
-9.5	232759	
-9.4	242578	
-9.3	242313	
-9.2	246094	
-9.1	246094	
-9	242297	
-8.9	244694	
-8.8	243475	
-8.7	241131	
-8.6	243315	
-8.5	240513	
-8.4	243105	
-8.3	242386	
-8.2	239112	
-8.1	239112	
-8	240685	
-7.9	239779	
-7.8	241084	
-7.7	238757	
-7.6	242279	
-7.5	242252	
-7.4	237637	
-7.3	241996	
-7.2	241996	
-7.1	239534	
-7	240289	
-6.9	240197	
-6.8	240665	
-6.7	242558	
-6.6	242418	
-6.5	242081	
-6.4	239293	
-6.3	241203	
-6.2	241203	
-6.1	239702	
-6	240000	
-5.9	244366	
-5.8	241180	
-5.7	242926	
-5.6	242169	
-5.5	236531	
-5.4	243718	
-5.3	243718	
-5.2	242709	
-5.1	241402	
-5	243224	
-4.9	243333	
-4.8	244764	
-4.7	241411	
-4.6	241487	
-4.5	242883	
-4.4	242883	
-4.3	239981	
-4.2	240479	
-4.1	244242	
-4	243310	
-3.9	244186	
-3.8	242426	
-3.7	242156	
-3.6	241237	
-3.5	241237	
-3.4	240955	
-3.3	244551	
-3.2	243506	
-3.1	243244	
-3	243219	
-2.9	242434	
-2.8	242609	
-2.7	242609	
-2.6	242500	
-2.5	243130	
-2.4	242394	
-2.3	242963	
-2.2	243079	
-2.1	241518	
-2	243022	
-1.9	239931	
-1.8	241413	
-1.7	241413	
-1.6	239366	
-1.5	242032	
-1.4	244597	
-1.3	237929	
-1.2	240711	
-1.1	241926	
-1	240426	
-0.9	239180	
-0.8	240485	
-0.7	237686	
-0.6	237686	
-0.5	244215	
-0.4	239313	
-0.3	240231	
-0.2	242967	
-0.1	241553	
0	238762	
0.1	240560	
0.2	239746	
0.3	242162	
0.4	242054	
0.5	242054	
0.6	240006	
0.7	240269	
0.8	240826	
0.9	239025	
1	237393	
1.1	237016	
1.2	233721	
1.3	237306	
1.4	237868	
1.5	248801	
1.6	231708	
1.7	242236	
1.8	242236	
1.9	241519	
2	241767	
2.1	239980	
2.2	239095	
2.3	237082	
2.4	239261	
2.5	239948	
2.6	237848	
2.7	244378	
2.8	241627	
2.9	241627	
3	239537	
3.1	241990	
3.2	243077	
3.3	246096	
3.4	242803	
3.5	242420	
3.6	243987	
3.7	242450	
3.8	243500	
3.9	243500	
4	237628	
4.1	240595	
4.2	242598	
4.3	240890	
4.4	242878	
4.5	240417	
4.6	239279	
4.7	240177	
4.8	240410	
4.9	238779	
5	238779	
5.1	240949	
5.2	239039	
5.3	240564	
5.4	237553	
5.5	240259	
5.6	241613	
5.7	242808	
5.8	242808	
5.9	240581	
6	242452	
6.1	238559	
6.2	235632	
6.3	230483	
6.4	236441	
6.5	237825	
6.6	237602	
6.7	237053	
6.8	237053	
6.9	238824	
7	236687	
7.1	248901	
7.2	231776	
7.3	238905	
7.4	238736	
7.5	243838	
7.6	241513	
7.7	241513	
7.8	237102	
7.9	240338	
8	241226	
8.1	240219	
8.2	240153	
8.3	237657	
8.4	241169	
8.5	241169	
8.6	240122	
8.7	240781	
8.8	240048	
8.9	239582	
9	242837	
9.1	240845	
9.2	240373	
9.3	237017	
9.4	240320	
9.5	240320	
9.6	237388	
9.7	236936	
9.8	238981	
9.9	239520	
10	238501	
10.1	238501	
10.2	241525	
10.3	241876	
10.4	237994	
10.5	238818	
10.6	240259	
10.7	237437	
10.8	239867	
10.9	238934	
11	238484	
11.1	238738	
11.2	240103	
11.3	240103	
11.4	237292	
11.5	242202	
11.6	240632	
11.7	238297	
11.8	239736	
11.9	246187	
12	243025	
12.1	243025	
12.2	243139	
12.3	240016	
12.4	240645	
12.5	242777	
12.6	240892	
12.7	242329	
12.8	241542	
12.9	241035	
13	236585	
13.1	236585	
13.2	238691	
13.3	239986	
13.4	237880	
13.5	238462	
13.6	237901	
13.7	238585	
13.8	240894	
13.9	238506	
14	239496	
14.1	239496	
14.2	239777	
14.3	243366	
14.4	242971	
14.5	240657	
14.6	241633	
14.7	240794	
14.8	241557	
14.9	242308	
15	242308	
15.1	242532	
15.2	252676	
15.3	229111	
15.4	241726	
15.5	240096	
15.6	251295	
15.7	230857	
15.8	240148	
15.9	240970	
16	240970	
16.1	242536	
16.2	241238	
16.3	240557	
16.4	241687	
16.5	239597	
16.6	243345	
16.7	242880	
16.8	242880	
16.9	239751	
17	241091	
17.1	241815	
17.2	243298	
17.3	243735	
17.4	242935	
17.5	243649	
17.6	244694	
17.7	244221	
17.8	244414	
17.9	241547	
18	241547	
18.1	243010	
18.2	244285	
18.3	241349	
18.4	241932	
18.5	242153	
18.6	242092	
18.7	243366	
18.8	243366	
18.9	242772	
19	241052	
19.1	242703	
19.2	241255	
19.3	241903	
19.4	242784	
19.5	242905	
19.6	242905	
19.7	243771	
19.8	240376	
19.9	241294	
20	240216	
